10.17         
10.25         
10.21         
10.09         
09.93         
10.12         
10.06         
10.05         
10.07         
10.12         
10.04         
10.03         
09.89         
09.78         
10.35         
10.06         
10.06         
09.99         
10.03         
10.22         
10.18         
10.03         
10.23         
10.24         
10.05         
10.20         
09.99         
10.39         
9.97          
09.69         
10.14         
10.35         
09.81         
10.12
10.23        
09.91 
10.10
09.91
10.05
10.05
10.05
09.94
09.99
09.84
10.18
9.81
10.03
10.07
09.97
10.11
09.92
10.24
